2
中国已经进入老龄化社会，尤其是
上海，早在20世纪70年代未就进
入了老龄化。出生人口数和死亡人
口敦是重要的影响因素…
下面是一个小组调查的2001一2010年上海的出生人口数和死亡人口数。
2001一2010年上海出生人口数统计图
人口数/万人
11.0
10.5
1008
10.0
10.02
9.5
9.0
9.67
85
8.09
8.25
923
8.0
8.12
7.5
7.0
6.5
620
6.0
5.5
5.76
5.73
0
2001
2002
2003
2004
2006
20062007
2008
2009
200年份
2001一2010年上海死亡人口数统计图
人口数/万人
11.0
10.5
1023
10.0
10.07
4022-1070106710,87
9.67
9.5
9.34
965
980
90
8.5
8.0
7.5
6.0
55
0
2001
2002
2003
2004200620062007200820092010年份
这样看着，不太容
有复式条形统计
易比较出生人口数
图，也应该有复式
和死亡人口数的情
折线统计图吧？
况啊！
怎样比较方
便呢？
