请你在下图中绘制复式折线统计图。
还得用图例说明…
应该怎样做呢？
要画两条折线，可以
像复式条形统计图那
样用颜色区分开。
2001一2010年上海出生人口数和死亡人口数统计图
人日数/万人
出生人口
11.0
105
10.08
10.0
10.02
95
9.0
9.67
8,096.25
923
8.5
6.0
75
8,12
10
6.5
6.20
6.0
5.5
5.76
5.73
0
2801
2002
2003
2004
2005
2006
2007
2008
2009
2010年份
复式折线统计图与单式折
线统计图有什么不同？
(1)观察复式折线统计图，你能说说上海出生人口数、死亡人口数的变
化趋势吗？
(2）每年的出生人口数和死亡人口数之间存在什么关系？
出生人口敬和死亡人口数之差
是人口自然增长数。上海人口
从1995年开始负增长
(3)
结合全国2001一2010年出生人口数和死亡人口数统计表，你能发现
什么共同的规律吗？
年份
2001
2002
2003
2004
20052006
2007
2008
2009
2010
出生人口数/万人
1708
1652
1604
1598
1621
1589
1599
1612
1619
1596
死亡人口数/万人
821
823
827
835
851
895
916
938
942
953
