4.
甲、乙两地月平均气温统计图
气温！宅
甲地
一乙地
39
27428.1
28.8
282
057411815
26.8
24g
25.7
28427,7
24.8
233
22
21.3
218
18
187
161
175
2
10
11.1
3
5.4
2
3
6
8
10
1竹
12
月份
(1)根据统计图，你能判断一年气温变化的趋势吗？
(2)有一种树莓的生长期为5个月，最适宜的生长温度为7-10℃，这
种植物适合在哪个地方种植？
(3)小明住在乙地，他们一家要在“十一”黄金周去甲地旅游，你认为
应该作哪些准备？
5.
下面是某地区7~15岁男生、女生平均身高统计表。
年龄
7
8
9
10
11
12
13
14
15
男生lcm
125
132
136
140
145
150
157
163
167
女生cm
123
127
135
141
145
152
156
157
158
请你根据表中的数据，画出折线统计图。
某地区7~15岁男生、女生
男生
身高/cm
平均身高统计图
女生
170
165
(1）比较男生和女生的
160
155
身高变化，你能得
150
145
出什么结论？
140
1
(2)把你的身高与平均
12g
值作比较，你有什
120
0
么想法？
7
9011
12
13415
年酸
6.
记录你自己零用钱的收入、支出情况，并将你的统计结果分别用统计表、
折线统计图的方式呈现出来。从中你能发现什么有价值的数学信息？你对
自己有什么建议？
