3.质数和合数
找出1-20各数的因数，看看它们的因数的个数有什么规律
有的数只有两个因
有的数的因数不止
数，如5的因数是1
两个…我们来给
和5.1只有因数1
它们分分类吧！
只有一个因数的数
只有1和它本身两个因数的数
有两个以上因数的数
一个数，如果只有1和它本身两个因数，那么这样的数叫做质数（或素
数)。如2,3,5,7都是质数
一个数，如果除了1和它本身还有别的因数，那么这样的数叫做合数。
如4,6,15,49都是合数
1不是质数，也不是合数
找出100以内的质数，做一个质数表。
2
3
4
5
6
7
8
9
10
11
12
13
14
15
16
17
18
19
20
21
22
23
24
25
26
27
28
29
30
31
32
33
34
35
36
37
38
39
40
41
42
43
44
45
46
47
48
49
50
51
52
53
54
55
56
57
58
59
60
61
62
63
64
65
66
67
68
69
70
71
72
73
74
75
76
77
78
79
80
81
82
83
84
85
86
87
88
89
90
91
92
93
94
95
96
97
98
99
100
可以把每个数
先把2的倍数画去，
都验证一下，
但2除外，画掉的这
看哪些是质数
些数都不是质数。3
的倍数也可以
画到几的倍数就可以了？
