2.2、5、3的倍数的特征
2、5的倍数的特征
2
4
5
6
7
8
9
10
11
12
13
14
15
16
17
18
19
20
21
22
23
24
25
26
27
28
29
30
31
32
33
34
35
36
37
38
39
40
41
42
43
44
45
46
47
48
49
50
51
52
53
54
55
56
57
58
59
60
61
62
63
64
65
66
67
68
69
70
71
72
73
74
75
76
77
78
79
80
81
82
83
84
85
86
87
88
89
90
91
92
93
94
95
96
97
98
99
100
(1)上表中哪些数是5的倍数？把它们圈起来。
你发现了什么？
(2)上表中哪些数是2的倍数？把它们框起来。你发现了什么？
个位上是
个位上是0,2，
或
的数都
的数都
是5的倍数
是2的倍数
整数中，是2的倍数的数叫做偶数(0也是偶数)，不是2的倍数的数
叫做奇(ji)数。
做一做
下面哪些数是2的倍数？哪些数是5的倍数？哪些数既是2的倍数，也
是5的倍数？
24
35
67
90
99
15
106
60
75
130
521
280
6018
8100
做完这道题，你发现了什么？
