3的倍数的特征
2
3
4
5
6
7
8
9
10
11
12
13
14
15
16
17
18
19
20
21
22
23
24
25
26
27
28
29
30
31
32
33
35
36
37
38
39
40
41
42
43
45
46
47
48
49
50
51
52
53
5
55
56
57
58
59
60
61
62
63
64
65
66
67
68
69
70
71
72
73
74
75
76
77
78
79
80
81
82
83
84
85
86
87
88
89
90
91
92
93
94
95
96
97
98
99
100
(1)上表中哪些数是3的倍数？把它们圈起来。
(2)横着看，圈起来的前10个数、个位分别是哪些数字？判断一个数
是不是3的倍数，只看个位行吗？
(3)斜着看，你发现了什么？
3的倍数个位上
斜着看，3的倍毅
可以是任意数。
各位上数的和都是
3的倍数。
任意找儿个3的倍数，把各位上
的数相加，看看你有什么发见
一个数各位上的数的和是3的倍数，这个数就是3的倍数。
做一做
下面用数字卡片摆出的数中哪些是3的倍数？在每个数后面增加一张卡
片，使这个三位数成为3的倍数。
2
4
8
4
9
6
